1;10;5;0;
25
25
1
15 15 0
140 140 140
15 15 0
15 15 0
0 0 0 0 
0 0 0 0 0 0 0 0 0 0 0 0 0 0 0 0 0 0 0
0 0 0 0 0 0 0 0 0 0 0 0 0 0 0 0 0 0 0
0 0 0 0 0 0 0 0 0 0 0 0 0 0 0 0 0 0 0
0 0 0 0 0 0 0 0 0 0 0 0 0 0 0 0 0 0 0
0 0 0 0 0 0 0 0 0 0 0 0 0 0 0 0 0 0 0 0 0 0 0 0 0
0 10 5 5 5 5 5 5 5 5 5 5 5 5 5 5 5 5 5 5 5 5 5 10 0
0 5 5 5 5 5 5 5 5 5 5 5 20 5 5 5 5 5 5 5 5 5 5 5 0
0 5 5 5 5 5 5 5 5 5 5 5 5 5 5 5 5 5 5 5 5 5 5 5 0
0 5 5 5 5 5 5 5 49 0 5 5 5 5 5 0 49 5 5 5 5 5 5 5 0
0 5 5 5 5 5 5 48 32 53 1 2 2 2 3 51 32 50 5 5 5 5 5 5 0
0 5 5 5 5 5 48 32 56 1 36 5 5 5 37 3 54 32 50 5 5 5 5 5 0
0 5 5 5 5 48 32 56 1 36 5 5 5 5 5 37 3 54 32 50 5 5 5 5 0
0 5 5 5 51 32 56 1 1 2 41 12 12 12 42 2 3 3 54 32 53 5 5 5 0
0 5 5 5 0 52 1 36 4 5 4 5 5 5 6 5 6 37 3 55 0 5 5 5 0
0 5 5 5 5 1 36 5 40 2 36 5 5 5 37 2 43 5 37 3 5 5 5 5 0
0 5 5 5 5 4 5 5 14 5 5 5 5 5 5 5 16 5 5 6 5 5 5 5 0
0 5 20 5 5 4 5 5 14 5 5 5 30 5 5 5 16 5 5 6 5 5 20 5 0
0 5 5 5 5 4 5 5 14 5 5 5 5 5 5 5 16 5 5 6 5 5 5 5 0
0 5 5 5 5 7 38 5 45 8 38 5 5 5 39 8 46 5 39 9 5 5 5 5 0
0 5 5 5 0 49 7 38 4 5 4 5 5 5 6 5 6 39 9 49 0 5 5 5 0
0 5 5 5 51 32 50 7 7 8 44 18 18 18 47 8 9 9 48 32 53 5 5 5 5 0
0 5 5 5 5 54 32 50 7 38 5 5 5 5 5 39 9 48 32 56 5 5 5 5 0
0 5 5 5 5 5 54 32 50 7 38 5 5 5 39 9 48 32 56 5 5 5 5 5 0
0 5 5 5 5 5 5 54 32 53 7 8 8 8 9 51 32 56 5 5 5 5 5 5 0
0 5 5 5 5 5 5 5 55 0 5 5 5 5 5 0 55 5 5 5 5 5 5 5 0
0 5 5 5 5 5 5 5 5 5 5 5 5 5 5 5 5 5 5 5 5 5 5 5 0
0 5 5 5 5 5 5 5 5 5 5 5 20 5 5 5 5 5 5 5 5 5 5 5 0
0 10 5 5 5 5 5 5 5 5 5 5 5 5 5 5 5 5 5 5 5 5 5 10 0
0 0 0 0 0 0 0 0 0 0 0 0 0 0 0 0 0 0 0 0 0 0 0 0 0
01110000
0 0 0 0 0 0 0 0 0 0 0 0 0 0 0 0 0 0 0 0 0 0 0 0 0
0 0 0 0 0 0 0 0 0 0 0 0 0 0 0 0 0 0 0 0 0 0 0 0 0
0 0 0 0 0 0 0 0 0 0 0 0 0 0 0 0 0 0 0 0 0 0 0 0 0
0 0 0 0 0 0 0 0 0 0 0 0 0 0 0 0 0 0 0 0 0 0 0 0 0
0 0 0 0 0 0 0 0 0 0 0 0 0 0 0 0 0 0 0 0 0 0 0 0 0
0 0 0 0 0 0 0 0 0 0 1 1 1 1 1 0 0 0 0 0 0 0 0 0 0
0 0 0 0 0 0 0 0 0 1 1 1 1 1 1 1 0 0 0 0 0 0 0 0 0
0 0 0 0 0 0 0 0 1 1 1 1 1 1 1 1 1 0 0 0 0 0 0 0 0
0 0 0 0 0 0 0 1 2 2 3 3 3 3 3 2 2 1 0 0 0 0 0 0 0
0 0 0 0 0 0 1 1 2 2 3 3 3 3 3 2 2 1 1 0 0 0 0 0 0
0 0 0 0 0 1 1 1 3 3 3 3 3 3 3 3 3 1 1 1 0 0 0 0 0
0 0 0 0 0 1 1 1 3 3 3 3 3 3 3 3 3 1 1 1 0 0 0 0 0
0 0 0 0 0 1 1 1 3 3 3 3 3 3 3 3 3 1 1 1 0 0 0 0 0
0 0 0 0 0 1 1 1 3 3 3 3 3 3 3 3 3 1 1 1 0 0 0 0 0
0 0 0 0 0 1 1 1 3 3 3 3 3 3 3 3 3 1 1 1 0 0 0 0 0
0 0 0 0 0 0 1 1 2 2 3 3 3 3 3 2 2 1 1 0 0 0 0 0 0
0 0 0 0 0 0 0 1 2 2 3 3 3 3 3 2 2 1 0 0 0 0 0 0 0
0 0 0 0 0 0 0 0 1 1 1 1 1 1 1 1 1 0 0 0 0 0 0 0 0
0 0 0 0 0 0 0 0 0 1 1 1 1 1 1 1 0 0 0 0 0 0 0 0 0
0 0 0 0 0 0 0 0 0 0 1 1 1 1 1 0 0 0 0 0 0 0 0 0 0
0 0 0 0 0 0 0 0 0 0 0 0 0 0 0 0 0 0 0 0 0 0 0 0 0
0 0 0 0 0 0 0 0 0 0 0 0 0 0 0 0 0 0 0 0 0 0 0 0 0
0 0 0 0 0 0 0 0 0 0 0 0 0 0 0 0 0 0 0 0 0 0 0 0 0
0 0 0 0 0 0 0 0 0 0 0 0 0 0 0 0 0 0 0 0 0 0 0 0 0
0 0 0 0 0 0 0 0 0 0 0 0 0 0 0 0 0 0 0 0 0 0 0 0 0
01111010
2 1 1 8 8
1 1 1 11 11
1 1 1 21 21
2 2 2 17 17
1 3 3 2 2
4 3 3 3 3
1 3 3 17 17
4 3 3 21 21
2 4 4 11 11
1 4 4 12 12
3 4 4 13 13
2 5 5 4 4
1 5 5 8 8
3 6 6 12 12
1 7 7 4 4
1 7 7 7 7
2 8 8 5 5
1 8 8 16 16
2 9 9 9 9
2 9 9 13 13
3 10 10 2 2
1 10 10 15 15
2 10 10 18 18
2 10 10 24 24
1 11 11 2 2
3 11 11 4 4
1 11 11 16 16
2 11 11 19 19
3 11 11 21 21
1 12 12 4 4
2 12 12 7 7
5 12 12 10 10
2 13 13 13 13
3 13 13 19 19
2 14 14 1 1
1 14 14 7 7
1 14 14 13 13
1 16 16 19 19
2 16 16 23 23
2 17 17 3 3
2 17 17 10 10
3 18 18 12 12
2 18 18 18 18
1 19 19 7 7
1 19 19 22 22
1 20 20 2 2
2 20 20 15 15
1 20 20 22 22
4 21 21 3 3
1 21 21 13 13
4 21 21 21 21
2 21 21 22 22
1 21 21 23 23
2 21 21 24 24
2 22 22 9 9
1 22 22 10 10
3 22 22 12 12
1 22 22 13 13
1 22 22 16 16
2 22 22 23 23
2 22 22 24 24
2 23 23 21 21
1 24 24 22 22
2 24 24 23 23
01101010
2 12
12 2
12 22
22 12
01100101
1 1 1 2 1 6 0 0
1 12 1 10 0 6 0 0
1 7 2 1 1 6 0 0
2 0 2 2 1 20 6 -1
1 0 2 3 1 4 0 0
2 2 3 3 1 20 8 0
1 49 3 10 0 6 0 0
1 9 4 4 1 6 0 0
1 3 4 20 0 10 0 0
1 0 6 2 1 4 0 0
1 61 9 9 0 12 0 0
1 61 9 15 0 12 0 0
1 14 10 21 0 5 0 0
1 23 10 23 0 7 0 0
1 14 14 1 0 5 0 0
1 1 14 3 0 6 0 0
1 3 15 9 0 10 0 0
1 61 15 15 0 12 0 0
1 3 20 4 0 10 0 0
1 12 21 14 0 6 0 0
1 9 21 17 2 6 0 0
2 2 21 21 2 20 8 0
1 0 21 22 2 4 0 0
1 0 22 21 2 4 0 0
2 0 22 22 2 20 6 -1
1 7 22 23 2 6 0 0
1 23 23 14 0 7 0 0
1 1 23 22 2 6 0 0
01111011
7777
Zapis z dnia 2024-08-20 22:36:48
