1;0;0;0;
19
33
32 32 32 32 32 32 32 56 0 0 0 54 32 32 32 32 32 32 32
32 32 32 32 32 32 56 5 5 5 5 5 54 32 32 32 32 32 32 32
32 32 32 32 32 32 0 5 5 5 5 5 0 32 32 32 32 32 32 32
32 32 32 32 32 32 0 5 5 5 5 10 0 32 32 32 32 32 32 32
32 32 32 32 32 32 0 5 5 5 5 5 0 32 32 32 32 32 32 32
32 32 32 32 32 32 0 5 5 5 5 5 0 32 32 32 32 32 32 32
32 32 32 5 5 5 5 5 5 5 5 5 5 32 32 32 32 32 32 32
32 32 32 5 5 5 5 5 5 5 5 5 5 32 32 32 32 32 32 32
32 32 32 32 32 5 5 5 5 11 12 12 12 32 32 32 32 32 32 32
32 32 32 32 32 5 5 5 5 14 5 20 5 54 32 32 32 32 32 32
32 32 32 56 5 5 5 5 5 14 5 5 5 0 32 32 32 32 32 32
32 32 56 5 5 5 5 5 5 5 5 5 5 0 32 32 32 32 32 32
32 56 5 5 5 5 5 5 5 5 5 5 5 0 32 32 32 32 32 32
56 5 5 5 5 5 5 5 5 14 5 5 5 0 32 32 32 32 32 32
50 5 20 5 16 5 5 5 5 17 18 38 5 48 32 32 32 32 32 32
32 18 18 38 16 5 5 5 32 32 32 17 18 32 32 32 32 32 32 32
32 32 32 17 19 5 5 5 5 11 13 32 32 32 32 32 32 32 32 32
32 12 13 32 32 32 5 5 5 14 37 12 12 32 32 32 32 32 32 32
56 5 37 12 13 5 5 5 5 14 5 20 5 54 32 32 32 32 32 32
0 5 5 5 16 5 5 5 5 5 5 5 5 48 32 32 32 32 32 32
0 5 5 5 5 5 5 5 5 5 5 5 48 32 32 32 32 32 32 32
0 5 5 5 5 5 5 5 5 5 5 48 32 32 32 32 32 32 32 32
0 5 5 5 16 5 5 5 5 5 48 32 32 32 32 32 32 32 32 32
50 5 20 5 16 5 5 5 5 32 32 32 32 32 32 32 32 32 32 32
32 18 18 18 19 5 5 5 5 32 32 32 32 32 32 32 32 32 32 32
32 5 5 5 5 5 5 5 5 5 5 32 32 32 32 32 32 32 32 32
32 5 5 5 5 5 5 5 5 5 5 32 32 32 32 32 32 32 32 32
32 0 5 5 5 5 5 0 32 32 32 32 32 32 32 32 32 32 32 32
32 0 5 5 5 5 5 0 32 32 32 32 32 32 32 32 32 32 32 32
32 0 10 5 5 5 5 0 32 32 32 32 32 32 32 32 32 32 32 32
32 0 5 5 5 5 5 0 32 32 32 32 32 32 32 32 32 32 32 32
32 50 5 5 5 5 5 48 32 32 32 32 32 32 32 32 32 32 32 32
32 32 50 0 0 0 48 32 32 32 32 32 32 32 32 32 32 32 32 32
01110000
0 0 0 0 0 0 0 0 0 0 0 0 0 0 0 0 0 0 0
0 0 0 0 0 0 0 0 0 0 0 0 0 0 0 0 0 0 0
0 0 0 0 0 0 0 0 0 0 0 0 0 0 0 0 0 0 0
0 0 0 0 0 0 0 0 0 0 0 0 0 0 0 0 0 0 0
0 0 0 0 0 0 0 0 0 0 0 0 0 0 0 0 0 0 0
0 0 0 0 0 0 0 0 0 0 0 0 0 0 0 0 0 0 0
0 0 0 0 0 0 0 0 0 0 0 0 0 0 0 0 0 0 0
0 0 0 0 0 0 0 0 0 0 0 0 0 0 0 0 0 0 0
0 0 0 0 0 0 0 0 0 2 2 2 2 0 0 0 0 0 0
0 0 0 0 0 0 0 0 0 2 2 2 2 2 0 0 0 0 0
0 0 0 1 1 0 0 0 0 2 2 2 2 2 0 0 0 0 0
0 0 2 2 1 0 0 0 0 1 2 2 2 2 0 0 0 0 0
0 2 2 2 1 0 0 0 0 1 2 2 2 2 0 0 0 0 0
2 2 2 2 1 0 0 0 0 2 2 2 2 2 0 0 0 0 0
2 2 2 2 2 0 0 0 0 2 2 2 2 2 0 0 0 0 0
0 2 2 2 2 0 0 0 0 0 0 2 2 0 0 0 0 0 0
0 0 0 2 2 0 0 0 0 2 2 0 0 0 0 0 0 0 0
0 2 2 0 0 0 0 0 0 2 2 2 2 0 0 0 0 0 0
2 2 2 2 2 0 0 0 0 2 2 2 2 2 0 0 0 0 0
2 2 2 2 2 0 0 0 0 1 2 2 2 2 0 0 0 0 0
2 2 2 2 1 0 0 0 0 1 2 2 2 0 0 0 0 0 0
2 2 2 2 1 0 0 0 0 1 2 2 0 0 0 0 0 0 0
2 2 2 2 2 0 0 0 0 1 1 0 0 0 0 0 0 0 0
2 2 2 2 2 0 0 0 0 0 0 0 0 0 0 0 0 0 0
0 2 2 2 2 0 0 0 0 0 0 0 0 0 0 0 0 0 0
0 0 0 0 0 0 0 0 0 0 0 0 0 0 0 0 0 0 0
0 0 0 0 0 0 0 0 0 0 0 0 0 0 0 0 0 0 0
0 0 0 0 0 0 0 0 0 0 0 0 0 0 0 0 0 0 0
0 0 0 0 0 0 0 0 0 0 0 0 0 0 0 0 0 0 0
0 0 0 0 0 0 0 0 0 0 0 0 0 0 0 0 0 0 0
0 0 0 0 0 0 0 0 0 0 0 0 0 0 0 0 0 0 0
0 0 0 0 0 0 0 0 0 0 0 0 0 0 0 0 0 0 0
0 0 0 0 0 0 0 0 0 0 0 0 0 0 0 0 0 0 0
01111010
2 1 1 4 4
1 1 1 6 6
2 1 1 10 10
1 2 2 21 21
4 3 3 10 10
1 3 3 11 11
1 3 3 18 18
2 3 3 28 28
1 4 4 1 1
4 4 4 3 3
2 4 4 13 13
2 4 4 16 16
4 4 4 18 18
2 4 4 25 25
1 5 5 27 27
2 6 6 2 2
2 6 6 9 9
2 6 6 12 12
1 6 6 15 15
2 6 6 21 21
1 6 6 32 32
1 7 7 2 2
2 7 7 26 26
1 8 8 24 24
1 9 9 18 18
1 9 9 27 27
4 9 9 29 29
1 10 10 7 7
2 10 10 16 16
4 10 10 23 23
2 11 11 2 2
1 11 11 3 3
1 11 11 15 15
1 11 11 16 16
4 12 12 15 15
2 12 12 30 30
2 13 13 19 19
1 13 13 25 25
1 14 14 9 9
2 14 14 24 24
1 14 14 28 28
1 14 14 31 31
2 15 15 9 9
2 15 15 13 13
2 15 15 31 31
2 15 15 32 32
2 16 16 13 13
2 16 16 23 23
2 16 16 30 30
1 16 16 31 31
1 16 16 32 32
2 17 17 8 8
1 17 17 14 14
2 17 17 21 21
2 17 17 31 31
1 17 17 32 32
1 18 18 17 17
1 18 18 21 21
2 18 18 29 29
2 18 18 32 32
01100101
1 0 1 7 0
1 0 1 18 0
1 0 2 19 0
1 0 3 2 1
1 0 3 4 1
1 0 3 11 0
1 0 3 12 0
1 0 3 25 0
1 0 3 26 0
2 0 4 2 1
2 0 4 3 1
1 0 4 4 1
1 0 5 2 1
1 0 5 7 1
1 0 5 23 0
1 0 6 16 0
1 0 7 16 0
1 0 8 9 0
1 0 8 28 2
1 0 8 30 2
1 0 9 28 2
2 0 9 29 2
2 0 9 30 2
1 0 10 6 0
1 0 10 7 0
1 0 10 20 0
1 0 10 21 0
1 0 10 28 2
1 0 10 30 2
1 0 11 13 0
1 0 12 14 0
1 0 12 25 0
01111011
1 1 6
4 1 7
1 1 14
7 1 19
4 3 25
1 3 26
1 10 6
4 10 7
7 12 13
1 12 18
4 12 25
1 12 26
7777
